0.000000 0.923979
0.004000 0.941451
0.008000 0.970543
0.012000 0.845759
0.016000 1.009247
0.020000 1.231662
0.024000 0.871819
0.028000 0.987752
0.032000 0.911492
0.036000 0.866881
0.040000 1.053341
0.044000 0.969704
0.048000 0.881653
0.052000 0.962812
0.056000 0.951812
0.060000 1.015835
0.064000 1.106258
0.068000 1.038638
0.072000 0.951425
0.076000 1.314821
0.080000 1.036039
0.084000 1.185641
0.088000 1.285223
0.092000 1.092901
0.096000 1.125806
0.100000 1.273537
0.104000 1.113854
0.108000 1.011723
0.112000 1.047842
0.116000 0.973103
0.120000 1.285940
0.124000 1.083705
0.128000 1.357399
0.132000 1.168816
0.136000 1.166336
0.140000 1.036740
0.144000 0.973856
0.148000 1.333147
0.152000 1.266737
0.156000 1.228377
0.160000 1.176465
0.164000 1.023281
0.168000 1.253521
0.172000 1.273126
0.176000 1.275400
0.180000 1.237549
0.184000 1.275828
0.188000 1.223472
0.192000 1.390001
0.196000 1.306471
0.200000 1.268313
0.204000 1.026596
0.208000 1.395395
0.212000 1.072691
0.216000 1.088294
0.220000 1.439803
0.224000 1.154268
0.228000 1.349472
0.232000 1.368155
0.236000 1.210700
0.240000 1.061966
0.244000 1.265704
0.248000 1.413812
0.252000 1.225455
0.256000 1.440589
0.260000 1.341627
0.264000 1.144673
0.268000 1.182524
0.272000 1.112051
0.276000 1.190619
0.280000 1.371496
0.284000 1.096485
0.288000 1.469891
0.292000 1.139493
0.296000 1.191061
0.300000 1.547442
0.304000 1.213566
0.308000 1.222942
0.312000 1.374500
0.316000 1.307270
0.320000 1.207655
0.324000 1.544734
0.328000 1.231635
0.332000 1.570552
0.336000 1.413210
0.340000 1.678581
0.344000 1.385635
0.348000 1.625598
0.352000 1.536903
0.356000 1.246529
0.360000 1.360798
0.364000 1.480065
0.368000 1.513537
0.372000 1.274897
0.376000 1.505108
0.380000 1.401630
0.384000 1.445470
0.388000 1.459451
0.392000 1.701318
0.396000 1.731206
0.400000 1.517524
0.404000 1.314439
0.408000 1.472015
0.412000 1.617368
0.416000 1.404739
0.420000 1.809106
0.424000 1.527718
0.428000 1.278651
0.432000 1.330944
0.436000 1.406606
0.440000 1.493760
0.444000 1.419843
0.448000 1.776664
0.452000 1.698311
0.456000 1.578274
0.460000 1.554301
0.464000 1.449225
0.468000 1.354627
0.472000 1.746800
0.476000 1.954123
0.480000 1.581146
0.484000 1.574383
0.488000 1.467365
0.492000 1.532963
0.496000 1.910638
0.500000 1.652632
0.504000 1.382329
0.508000 1.792346
0.512000 1.955619
0.516000 2.007004
0.520000 1.800831
0.524000 1.453526
0.528000 1.726606
0.532000 1.653671
0.536000 2.006762
0.540000 1.557077
0.544000 1.961593
0.548000 1.772685
0.552000 1.897899
0.556000 1.707317
0.560000 2.047690
0.564000 1.528382
0.568000 2.036388
0.572000 1.750265
0.576000 1.777713
0.580000 1.616001
0.584000 2.058483
0.588000 1.887075
0.592000 1.809469
0.596000 2.144143
0.600000 1.820513
0.604000 1.791420
0.608000 1.840705
0.612000 2.061072
0.616000 2.214271
0.620000 1.791999
0.624000 2.093570
0.628000 1.587498
0.632000 1.726418
0.636000 1.568088
0.640000 1.708532
0.644000 1.772349
0.648000 1.614145
0.652000 1.825645
0.656000 2.194582
0.660000 1.868574
0.664000 1.760110
0.668000 2.015039
0.672000 2.280323
0.676000 1.959666
0.680000 2.372051
0.684000 1.929035
0.688000 2.300865
0.692000 1.647083
0.696000 1.906028
0.700000 2.024397
0.704000 1.656432
0.708000 2.447948
0.712000 1.868471
0.716000 1.705652
0.720000 1.753363
0.724000 1.839109
0.728000 1.906552
0.732000 2.088766
0.736000 2.225049
0.740000 1.960331
0.744000 1.793415
0.748000 2.401341
0.752000 2.470676
0.756000 2.418336
0.760000 1.796392
0.764000 1.916243
0.768000 2.527521
0.772000 2.022919
0.776000 1.817378
0.780000 2.630108
0.784000 2.485100
0.788000 2.538221
0.792000 2.192272
0.796000 2.494752
0.800000 2.249782
0.804000 2.412748
0.808000 1.861377
0.812000 2.276369
0.816000 1.934495
0.820000 2.110792
0.824000 2.653536
0.828000 2.451880
0.832000 2.412701
0.836000 2.518629
0.840000 1.932501
0.844000 2.379084
0.848000 2.798688
0.852000 1.921586
0.856000 2.224423
0.860000 2.285121
0.864000 2.377931
0.868000 2.140543
0.872000 2.055755
0.876000 2.778038
0.880000 2.253633
0.884000 2.097859
0.888000 2.456500
0.892000 2.611042
0.896000 2.139736
0.900000 2.764544
0.904000 2.302843
0.908000 2.327832
0.912000 2.773038
0.916000 2.054111
0.920000 2.496020
0.924000 2.737584
0.928000 2.186042
0.932000 2.913649
0.936000 3.067155
0.940000 2.317331
0.944000 2.304704
0.948000 2.663496
0.952000 3.050310
0.956000 2.675420
0.960000 2.572038
0.964000 2.698885
0.968000 2.359396
0.972000 2.777128
0.976000 3.108753
0.980000 2.748144
0.984000 3.171106
0.988000 3.098102
0.992000 2.354441
0.996000 3.141243
1.000000 2.297036
1.004000 2.809110
1.008000 2.689454
1.012000 2.621619
1.016000 3.270269
1.020000 2.354671
1.024000 2.765852
1.028000 2.322466
1.032000 3.037362
1.036000 2.747189
1.040000 2.655319
1.044000 2.432317
1.048000 2.579653
1.052000 2.596019
1.056000 3.384152
1.060000 3.113509
1.064000 2.715000
1.068000 3.053710
1.072000 2.744376
1.076000 3.134291
1.080000 3.045014
1.084000 2.742087
1.088000 2.851545
1.092000 3.570409
1.096000 2.680374
1.100000 3.307496
1.104000 2.706076
1.108000 3.141554
1.112000 2.782142
1.116000 2.748540
1.120000 3.193642
1.124000 2.540416
1.128000 3.643394
1.132000 3.565533
1.136000 2.657386
1.140000 2.691793
1.144000 3.254231
1.148000 2.889993
1.152000 3.371331
1.156000 3.215660
1.160000 2.702782
1.164000 3.115735
1.168000 3.280946
1.172000 3.082272
1.176000 3.521767
1.180000 3.111249
1.184000 3.586272
1.188000 3.824087
1.192000 3.448381
1.196000 3.055044
1.200000 3.270938
1.204000 3.290761
1.208000 3.042131
1.212000 3.076591
1.216000 3.365709
1.220000 3.099692
1.224000 3.635458
1.228000 3.472891
1.232000 3.127726
1.236000 3.820330
1.240000 3.424231
1.244000 3.035139
1.248000 4.185953
1.252000 3.582152
1.256000 3.373443
1.260000 2.914319
1.264000 4.125296
1.268000 4.282269
1.272000 2.983077
1.276000 3.572862
1.280000 4.165133
1.284000 3.604731
1.288000 4.163585
1.292000 3.993328
1.296000 3.466351
1.300000 4.263697
1.304000 4.270152
1.308000 3.497997
1.312000 3.756543
1.316000 3.980858
1.320000 3.793870
1.324000 4.540585
1.328000 3.287038
1.332000 3.833988
1.336000 4.188187
1.340000 3.722032
1.344000 3.660978
1.348000 3.638997
1.352000 3.507252
1.356000 4.328997
1.360000 3.924426
1.364000 4.530689
1.368000 4.385577
1.372000 4.663315
1.376000 4.743364
1.380000 3.277445
1.384000 4.529154
1.388000 3.536052
1.392000 4.470087
1.396000 3.993737
1.400000 4.669600
1.404000 3.401851
1.408000 4.581840
1.412000 4.483562
1.416000 4.281852
1.420000 3.924647
1.424000 3.659247
1.428000 3.546584
1.432000 3.468948
1.436000 5.056285
1.440000 3.860160
1.444000 4.596187
1.448000 4.186443
1.452000 5.164582
1.456000 4.178776
1.460000 4.893987
1.464000 3.609628
1.468000 4.791285
1.472000 4.859842
1.476000 4.653665
1.480000 3.734310
1.484000 4.081685
1.488000 4.543461
1.492000 5.192200
1.496000 5.098708
1.500000 4.119895
1.504000 5.050941
1.508000 4.807706
1.512000 5.169634
1.516000 4.493434
1.520000 4.039543
1.524000 5.293916
1.528000 4.499400
1.532000 5.075428
1.536000 4.422053
1.540000 3.823341
1.544000 4.238923
1.548000 5.181875
1.552000 4.213475
1.556000 4.917739
1.560000 5.358210
1.564000 3.961113
1.568000 4.379061
1.572000 5.750441
1.576000 4.312796
1.580000 4.188385
1.584000 4.247961
1.588000 4.964561
1.592000 4.706342
1.596000 4.044231
1.600000 4.499016
1.604000 5.796042
1.608000 5.072510
1.612000 5.843128
1.616000 4.768292
1.620000 4.228794
1.624000 5.929757
1.628000 5.144713
1.632000 4.899882
1.636000 5.376247
1.640000 6.068031
1.644000 5.812791
1.648000 4.400203
1.652000 6.168213
1.656000 5.480661
1.660000 5.864466
1.664000 5.688013
1.668000 6.380291
1.672000 5.806259
1.676000 5.039431
1.680000 6.012111
1.684000 4.554678
1.688000 4.553302
1.692000 5.004981
1.696000 4.996238
1.700000 6.047722
1.704000 6.383229
1.708000 5.364555
1.712000 4.860970
1.716000 4.941893
1.720000 6.460752
1.724000 5.319998
1.728000 5.509104
1.732000 4.643416
1.736000 6.853374
1.740000 6.762986
1.744000 4.699328
1.748000 6.174663
1.752000 6.627790
1.756000 5.418219
1.760000 5.953693
1.764000 5.625223
1.768000 6.617695
1.772000 4.833578
1.776000 6.444095
1.780000 7.015805
1.784000 5.700220
1.788000 7.124340
1.792000 5.521775
1.796000 5.829543
1.800000 5.676636
1.804000 5.959243
1.808000 6.851480
1.812000 5.125611
1.816000 7.142585
1.820000 5.619159
1.824000 6.198219
1.828000 6.235795
1.832000 5.993060
1.836000 5.262871
1.840000 7.241269
1.844000 6.071682
1.848000 6.333470
1.852000 5.412272
1.856000 7.036412
1.860000 5.922006
1.864000 6.296607
1.868000 6.571098
1.872000 6.142750
1.876000 7.829558
1.880000 7.203929
1.884000 6.500915
1.888000 7.735115
1.892000 6.949263
1.896000 5.471594
1.900000 8.165651
1.904000 6.267268
1.908000 7.022928
1.912000 7.596408
1.916000 7.965234
1.920000 8.042985
1.924000 8.355698
1.928000 7.198224
1.932000 6.490701
1.936000 8.406192
1.940000 7.126576
1.944000 7.919492
1.948000 6.821365
1.952000 7.084078
1.956000 6.505161
1.960000 5.974983
1.964000 8.342816
1.968000 6.075120
1.972000 6.143936
1.976000 6.702979
1.980000 6.957608
1.984000 8.534627
1.988000 8.341291
1.992000 8.911339
1.996000 7.496160
2.000000 6.657664
2.004000 8.909657
2.008000 7.170867
2.012000 8.965411
2.016000 7.155057
2.020000 6.354041
2.024000 7.070138
2.028000 6.920397
2.032000 8.377312
2.036000 7.004209
2.040000 7.411163
2.044000 7.194802
2.048000 7.258036
2.052000 9.260752
2.056000 7.886519
2.060000 6.861095
2.064000 8.103749
2.068000 8.641867
2.072000 6.585799
2.076000 8.586200
2.080000 7.573776
2.084000 8.309728
2.088000 6.644451
2.092000 9.702868
2.096000 7.697366
2.100000 7.910603
2.104000 8.232256
2.108000 7.003540
2.112000 7.129056
2.116000 8.057344
2.120000 8.365663
2.124000 7.627896
2.128000 10.230968
2.132000 8.642538
2.136000 7.437635
2.140000 8.358932
2.144000 7.263442
2.148000 8.712984
2.152000 10.480668
2.156000 8.036680
2.160000 10.238677
2.164000 9.240281
2.168000 9.026067
2.172000 10.571225
2.176000 8.660089
2.180000 9.381841
2.184000 7.637228
2.188000 8.283423
2.192000 10.810284
2.196000 9.772449
2.200000 10.098436
2.204000 8.885193
2.208000 8.664417
2.212000 7.724213
2.216000 9.870551
2.220000 7.924497
2.224000 8.027872
2.228000 9.849527
2.232000 8.678615
2.236000 9.193010
2.240000 10.666919
2.244000 11.116833
2.248000 10.334307
2.252000 10.435988
2.256000 8.008113
2.260000 9.762167
2.264000 9.357044
2.268000 9.461690
2.272000 10.422240
2.276000 9.070738
2.280000 9.823329
2.284000 9.834467
2.288000 8.224393
2.292000 10.807338
2.296000 9.971630
2.300000 11.322837
2.304000 8.983164
2.308000 9.611890
2.312000 11.150919
2.316000 8.858159
2.320000 9.698870
2.324000 8.552294
2.328000 11.422676
2.332000 10.740854
2.336000 10.464526
2.340000 9.714942
2.344000 9.522624
2.348000 8.843554
2.352000 10.442221
2.356000 10.133732
2.360000 9.861755
2.364000 9.235638
2.368000 12.831021
2.372000 9.058053
2.376000 8.924046
2.380000 11.694282
2.384000 9.184261
2.388000 9.725724
2.392000 9.101943
2.396000 12.281197
2.400000 10.485522
2.404000 10.781940
2.408000 11.981429
2.412000 12.823132
2.416000 11.058886
2.420000 9.645036
2.424000 10.990669
2.428000 13.772390
2.432000 13.209758
2.436000 10.338715
2.440000 10.864130
2.444000 9.975351
2.448000 13.585161
2.452000 11.139865
2.456000 9.692499
2.460000 9.835545
2.464000 12.106402
2.468000 13.658795
2.472000 10.395342
2.476000 10.727326
2.480000 9.996285
2.484000 11.325447
2.488000 13.007007
2.492000 11.435769
2.496000 14.065064
2.500000 10.939145
2.504000 10.929155
2.508000 13.611423
2.512000 12.299490
2.516000 14.432115
2.520000 11.635122
2.524000 12.651373
2.528000 14.725167
2.532000 13.993711
2.536000 14.824807
2.540000 15.405191
2.544000 12.721211
2.548000 14.746684
2.552000 14.287466
2.556000 12.626516
2.560000 14.048040
2.564000 11.639539
2.568000 14.185758
2.572000 15.929116
2.576000 11.543532
2.580000 13.147708
2.584000 15.101322
2.588000 14.090704
2.592000 11.606032
2.596000 11.387517
2.600000 12.864051
2.604000 11.256783
2.608000 11.441364
2.612000 13.042260
2.616000 16.174227
2.620000 11.376878
2.624000 14.881758
2.628000 14.141158
2.632000 14.649671
2.636000 16.832893
2.640000 16.082918
2.644000 15.458178
2.648000 16.921359
2.652000 16.514769
2.656000 16.554032
2.660000 14.773637
2.664000 14.557209
2.668000 13.695551
2.672000 15.008172
2.676000 12.500297
2.680000 14.426373
2.684000 16.136013
2.688000 14.412834
2.692000 12.851680
2.696000 12.158773
2.700000 13.073851
2.704000 12.381933
2.708000 13.449476
2.712000 12.712506
2.716000 13.179940
2.720000 14.180439
2.724000 15.701081
2.728000 16.325418
2.732000 12.630018
2.736000 14.109701
2.740000 13.554750
2.744000 13.379143
2.748000 13.535801
2.752000 13.918523
2.756000 16.932556
2.760000 17.701496
2.764000 17.562356
2.768000 13.602217
2.772000 16.105029
2.776000 13.971710
2.780000 16.258682
2.784000 19.669432
2.788000 17.422123
2.792000 18.651648
2.796000 13.921397
2.800000 17.044108
2.804000 19.518534
2.808000 18.217100
2.812000 15.377445
2.816000 20.358682
2.820000 15.303735
2.824000 20.268587
2.828000 18.866222
2.832000 14.389208
2.836000 18.461227
2.840000 14.864236
2.844000 15.675827
2.848000 20.449736
2.852000 15.443357
2.856000 14.267467
2.860000 15.953857
2.864000 16.487246
2.868000 14.899383
2.872000 14.546895
2.876000 21.251099
2.880000 20.236793
2.884000 20.418592
2.888000 18.271769
2.892000 20.383618
2.896000 17.196626
2.900000 18.596539
2.904000 21.185759
2.908000 21.847227
2.912000 19.838141
2.916000 16.987030
2.920000 22.132588
2.924000 20.521637
2.928000 17.646874
2.932000 22.541517
2.936000 21.058650
2.940000 19.126718
2.944000 17.641596
2.948000 16.313450
2.952000 18.013116
2.956000 20.335275
2.960000 19.168755
2.964000 17.254013
2.968000 18.330653
2.972000 20.301656
2.976000 21.080477
2.980000 18.581295
2.984000 16.279925
2.988000 18.174003
2.992000 20.995077
2.996000 20.082271
3.000000 22.077367
3.004000 19.217979
3.008000 17.948581
3.012000 23.430722
3.016000 16.738876
3.020000 23.628640
3.024000 18.943331
3.028000 17.158528
3.032000 17.362164
3.036000 22.663338
3.040000 20.263382
3.044000 18.630963
3.048000 17.672857
3.052000 22.728179
3.056000 18.724483
3.060000 19.167036
3.064000 23.122166
3.068000 18.289707
3.072000 25.186788
3.076000 22.753425
3.080000 21.001367
3.084000 22.344830
3.088000 25.585136
3.092000 23.676732
3.096000 21.814496
3.100000 21.352074
3.104000 18.783893
3.108000 22.339843
3.112000 19.037657
3.116000 20.004752
3.120000 19.555998
3.124000 25.410645
3.128000 22.911494
3.132000 21.923401
3.136000 18.963659
3.140000 20.010148
3.144000 19.340570
3.148000 27.634388
3.152000 19.557835
3.156000 20.529031
3.160000 22.950346
3.164000 19.526395
3.168000 22.418905
3.172000 23.619834
3.176000 28.921276
3.180000 20.129180
3.184000 24.630214
3.188000 26.822516
3.192000 23.594851
3.196000 21.285063
3.200000 22.811919
3.204000 21.162042
3.208000 26.018747
3.212000 27.068381
3.216000 23.915354
3.220000 26.506032
3.224000 21.776393
3.228000 27.410954
3.232000 25.797579
3.236000 26.549484
3.240000 27.501561
3.244000 31.262162
3.248000 22.185154
3.252000 27.770063
3.256000 21.409308
3.260000 29.611375
3.264000 25.159301
3.268000 25.061768
3.272000 22.558571
3.276000 27.615506
3.280000 22.583812
3.284000 26.180663
3.288000 22.404419
3.292000 24.013068
3.296000 28.558035
3.300000 31.671459
3.304000 29.354384
3.308000 26.058621
3.312000 25.434595
3.316000 31.093462
3.320000 27.834220
3.324000 31.186461
3.328000 32.194719
3.332000 30.557826
3.336000 24.029576
3.340000 31.123694
3.344000 33.632658
3.348000 27.320391
3.352000 27.380399
3.356000 28.819018
3.360000 24.330308
3.364000 34.102160
3.368000 29.531741
3.372000 27.577102
3.376000 34.880331
3.380000 27.640715
3.384000 30.831153
3.388000 27.948130
3.392000 26.404829
3.396000 28.647762
3.400000 35.843995
3.404000 24.928009
3.408000 35.090261
3.412000 35.811589
3.416000 34.542317
3.420000 30.375652
3.424000 28.632104
3.428000 30.645256
3.432000 30.616999
3.436000 32.898550
3.440000 31.249636
3.444000 36.153415
3.448000 30.396144
3.452000 27.689757
3.456000 36.240757
3.460000 33.002731
3.464000 37.987988
3.468000 37.232316
3.472000 32.838546
3.476000 28.320046
3.480000 27.852525
3.484000 34.100038
3.488000 37.330350
3.492000 35.398848
3.496000 30.899615
3.500000 34.388766
3.504000 37.750320
3.508000 32.960474
3.512000 30.446810
3.516000 27.888945
3.520000 39.472097
3.524000 29.745956
3.528000 31.642340
3.532000 28.558141
3.536000 40.537710
3.540000 30.330039
3.544000 29.291617
3.548000 31.311796
3.552000 34.412266
3.556000 36.621363
3.560000 39.877442
3.564000 39.104929
3.568000 38.819730
3.572000 30.247047
3.576000 34.247923
3.580000 29.933234
3.584000 30.028386
3.588000 33.773671
3.592000 43.108887
3.596000 31.442075
3.600000 31.009479
3.604000 43.179077
3.608000 33.749179
3.612000 31.539456
3.616000 40.920320
3.620000 37.294754
3.624000 34.496817
3.628000 37.060105
3.632000 45.314147
3.636000 40.911376
3.640000 45.835504
3.644000 34.139647
3.648000 43.405296
3.652000 32.415730
3.656000 38.800788
3.660000 32.412915
3.664000 42.556870
3.668000 36.951345
3.672000 43.709705
3.676000 36.370246
3.680000 41.332444
3.684000 38.773921
3.688000 39.193141
3.692000 36.054602
3.696000 34.015676
3.700000 33.675543
3.704000 44.193184
3.708000 48.691987
3.712000 36.521250
3.716000 34.502937
3.720000 38.167460
3.724000 40.348535
3.728000 39.193223
3.732000 43.821195
3.736000 38.422132
3.740000 43.538149
3.744000 48.927712
3.748000 42.544657
3.752000 48.514351
3.756000 49.749711
3.760000 40.256534
3.764000 48.714056
3.768000 39.553517
3.772000 41.980714
3.776000 47.751782
3.780000 48.685209
3.784000 37.564233
3.788000 52.560057
3.792000 48.343042
3.796000 45.373384
3.800000 48.607493
3.804000 47.258708
3.808000 39.252530
3.812000 50.060802
3.816000 41.609089
3.820000 42.913766
3.824000 46.298916
3.828000 49.271864
3.832000 47.059606
3.836000 42.271038
3.840000 40.986044
3.844000 38.383739
3.848000 50.555402
3.852000 51.946728
3.856000 45.523431
3.860000 45.239849
3.864000 52.633082
3.868000 52.294730
3.872000 51.439986
3.876000 42.113050
3.880000 42.072267
3.884000 46.113295
3.888000 55.668936
3.892000 49.724135
3.896000 46.374242
3.900000 53.909335
3.904000 55.505339
3.908000 51.737367
3.912000 55.035013
3.916000 58.949185
3.920000 54.507587
3.924000 43.930775
3.928000 58.680189
3.932000 47.337431
3.936000 58.872408
3.940000 53.197001
3.944000 45.416438
3.948000 62.559476
3.952000 57.195014
3.956000 57.882685
3.960000 60.595613
3.964000 49.978264
3.968000 48.550378
3.972000 48.794875
3.976000 48.913935
3.980000 56.017357
3.984000 45.533977
3.988000 62.613469
3.992000 49.693442
3.996000 57.920879
